
cvx_optval =

   13.5426


cvx_optval =

   4.1870e-07


cvx_optval =

   3.4036e-06


cvx_optval =

  199.7304


cvx_optval =

  135.2198


cvx_optval =

   78.3678


cvx_optval =

   51.6227


cvx_optval =

   36.2877


cvx_optval =

   25.9013


cvx_optval =

   17.1439


cvx_optval =

   10.2518


cvx_optval =

    5.8481


cvx_optval =

    3.3532


cvx_optval =

    2.1681


cvx_optval =

    1.5175


cvx_optval =

    1.1970


cvx_optval =

   2.1135e+03


cvx_optval =

   1.4825e+03


cvx_optval =

   1.1560e+03


cvx_optval =

  995.4848


cvx_optval =

  738.8870


cvx_optval =

  665.3763


cvx_optval =

  525.1788


cvx_optval =

  463.7836


cvx_optval =

  383.0165


cvx_optval =

  330.6662


cvx_optval =

  276.1226


cvx_optval =

  242.5701


cvx_optval =

  206.0974


cvx_optval =

  179.4367


cvx_optval =

  151.8994


cvx_optval =

  130.6739


cvx_optval =

  115.1825


cvx_optval =

  103.0135


cvx_optval =

   95.2837


cvx_optval =

   88.5640


cvx_optval =

   89.4180


cvx_optval =

   88.5176


cvx_optval =

   89.3413


cvx_optval =

   88.5063


cvx_optval =

   89.3105


cvx_optval =

   88.4983


cvx_optval =

   89.3043


cvx_optval =

   88.4988


cvx_optval =

   89.3053


cvx_optval =

   88.5037


cvx_optval =

   89.3066


cvx_optval =

   88.5069


cvx_optval =

   89.3074


cvx_optval =

   88.5091


cvx_optval =

   89.3082


cvx_optval =

   88.5104


cvx_optval =

   89.3004


cvx_optval =

   88.5004


cvx_optval =

   89.2881


cvx_optval =

   88.4923


cvx_optval =

   89.2545


cvx_optval =

   88.4552


cvx_optval =

   89.1437


cvx_optval =

   88.2277


cvx_optval =

   88.9888


cvx_optval =

   88.2240


cvx_optval =

   88.9897


cvx_optval =

   88.2241


cvx_optval =

   88.9895


cvx_optval =

   88.2241


cvx_optval =

   88.9894


cvx_optval =

   88.2242


cvx_optval =

   88.9895


cvx_optval =

   88.2241


cvx_optval =

   88.9894


cvx_optval =

   88.2241


cvx_optval =

   88.9894


cvx_optval =

   88.2241


cvx_optval =

   88.9894


cvx_optval =

   88.2241


cvx_optval =

   88.9894


cvx_optval =

   88.2241


cvx_optval =

   88.9894


cvx_optval =

   88.2241


cvx_optval =

   88.9894


cvx_optval =

   88.2241


cvx_optval =

   88.9894


cvx_optval =

   88.2241


cvx_optval =

   88.9894


cvx_optval =

   88.2241


cvx_optval =

   88.9894


cvx_optval =

   88.2241


cvx_optval =

   88.9895


cvx_optval =

   88.2241


cvx_optval =

   88.9894


cvx_optval =

   88.2241


cvx_optval =

   88.9894


cvx_optval =

   88.2241


cvx_optval =

   88.9896


cvx_optval =

   88.2242


cvx_optval =

   88.9894


cvx_optval =

   88.2241


cvx_optval =

   88.9894


cvx_optval =

   88.2241


cvx_optval =

   88.9894


cvx_optval =

   88.2241


cvx_optval =

   88.9896


cvx_optval =

   88.2243


cvx_optval =

   88.9895


cvx_optval =

   88.2241


cvx_optval =

   88.9895


cvx_optval =

   88.2241


cvx_optval =

   88.9894


cvx_optval =

   88.2241


cvx_optval =

   88.9894


cvx_optval =

   88.2241


cvx_optval =

   88.9894


cvx_optval =

   88.2241


cvx_optval =

   88.9895


cvx_optval =

   88.2241


cvx_optval =

   88.9894


cvx_optval =

   88.2241


cvx_optval =

   88.9894


cvx_optval =

   88.2241


cvx_optval =

   88.9896


cvx_optval =

   88.2242


cvx_optval =

   88.9894


cvx_optval =

   88.2241


cvx_optval =

   88.9894


cvx_optval =

   88.2242


cvx_optval =

   88.9895


cvx_optval =

   88.2241


cvx_optval =

   88.9894


cvx_optval =

   88.2241


cvx_optval =

   88.9896


cvx_optval =

   88.2242


cvx_optval =

   88.9894

scale is  0.999835762887
----------------------------------------------------------
1
scale is  1.0022742071
----------------------------------------------------------
2
scale is  1.00351721438
----------------------------------------------------------
3
scale is  1.00471285623
----------------------------------------------------------
4
scale is  1.00570664436
----------------------------------------------------------
5
loop under test...
[[[120.2, 120.40000000000001, 120.60000000000001, 120.80000000000001, 121.00000000000001, 121.20000000000002, 121.40000000000002, 121.60000000000002, 121.80000000000003, 122.00000000000003], [100.2, 100.40000000000001, 100.60000000000001, 100.80000000000001, 101.00000000000001, 101.20000000000002, 101.40000000000002, 101.60000000000002, 101.80000000000003, 102.00000000000003]]]
scale is  0.92095313192
----------------------------------------------------------
1
scale is  0.920967970379
----------------------------------------------------------
2
scale is  0.886670185889
----------------------------------------------------------
3
scale is  1.10593503934
----------------------------------------------------------
4
scale is  1.03985583737
----------------------------------------------------------
5
loop under test...
[[[120.2, 120.40000000000001, 120.60000000000001, 120.80000000000001, 121.00000000000001, 121.20000000000002, 121.40000000000002, 121.60000000000002, 121.80000000000003, 122.00000000000003], [100.2, 100.40000000000001, 100.60000000000001, 100.80000000000001, 101.00000000000001, 101.20000000000002, 101.40000000000002, 101.60000000000002, 101.80000000000003, 102.00000000000003]], [122.20000000000003, 122.40000000000003, 122.60000000000004, 122.80000000000004, 123.00000000000004, 123.20000000000005, 123.40000000000005, 123.60000000000005, 123.80000000000005, 124.00000000000006], [102.20000000000003, 102.40000000000003, 102.60000000000004, 102.80000000000004, 103.00000000000004, 103.20000000000005, 103.40000000000005, 103.60000000000005, 103.80000000000005, 104.00000000000006]]
the MATLAB function has been cancelled
