
cvx_optval =

  479.4757


ct =

     0


cvx_optval =

  262.4486


ct =

     0


cvx_optval =

  221.3922


ct =

     0


cvx_optval =

  183.5143


ct =

     0


cvx_optval =

  159.4569


ct =

     0


cvx_optval =

  130.6161


ct =

     0


cvx_optval =

  117.3481


ct =

     0


cvx_optval =

   99.4683


ct =

     0


cvx_optval =

   89.3730


ct =

     0


cvx_optval =

   78.2340


ct =

     0


cvx_optval =

   70.0623


ct =

     0


cvx_optval =

   63.1110


ct =

     0


cvx_optval =

   57.5522


ct =

     0


cvx_optval =

   52.6555


ct =

     0


cvx_optval =

   48.5341


ct =

     0


cvx_optval =

   45.4075


ct =

     0


cvx_optval =

   42.2075


ct =

     0


cvx_optval =

   39.9454


ct =

     0


cvx_optval =

   37.8923


ct =

     0


cvx_optval =

   36.0566


ct =

     0


cvx_optval =

   34.1038


ct =

     0


cvx_optval =

   32.4326


ct =

     0


cvx_optval =

   30.9051


ct =

     0


cvx_optval =

   29.6783


ct =

     0


cvx_optval =

   28.3950


ct =

     0


cvx_optval =

   27.2576


ct =

     0


cvx_optval =

   26.4075


ct =

     0


cvx_optval =

   25.7228


ct =

     0


cvx_optval =

   25.0199


ct =

     0


cvx_optval =

   24.4261


ct =

     0


cvx_optval =

   23.9568


ct =

     0


cvx_optval =

   23.5973


ct =

     0


cvx_optval =

   23.3357


ct =

     0


cvx_optval =

   23.1454


ct =

     0


cvx_optval =

   22.9810


ct =

     0


cvx_optval =

   22.8101


ct =

     0


cvx_optval =

   22.5900


ct =

     0


cvx_optval =

   22.4755


ct =

     0


cvx_optval =

   22.4254


ct =

     0


cvx_optval =

   22.3837


ct =

     0


cvx_optval =

   22.3657


ct =

     0


cvx_optval =

   22.3520


ct =

     0


cvx_optval =

   22.3409


ct =

     0


cvx_optval =

   22.3373


ct =

     0


cvx_optval =

   22.3342


ct =

     0


cvx_optval =

   22.3315


ct =

     0


cvx_optval =

   22.3315


ct =

     0


cit =

    15

satis

cvx_optval =

   12.8992


ct =

     0


cvx_optval =

    6.8845


ct =

     0


cvx_optval =

    6.1783


ct =

     0


cvx_optval =

    5.9116


ct =

     0


cvx_optval =

    5.7675


ct =

     0


cvx_optval =

    5.6798


ct =

     0


cvx_optval =

    5.6100


ct =

     0


cvx_optval =

    5.5491


ct =

     0


cvx_optval =

    5.4895


ct =

     0


cvx_optval =

    5.4312


ct =

     0


cvx_optval =

    5.3770


ct =

     0


cvx_optval =

    5.3259


ct =

     0


cvx_optval =

    5.2767


ct =

     0


cvx_optval =

    5.2298


ct =

     0


cvx_optval =

    5.1841


ct =

     0


cvx_optval =

    5.1469


ct =

     0


cvx_optval =

    5.1169


ct =

     0


cvx_optval =

    5.0904


ct =

     0


cvx_optval =

    5.0733


ct =

     0


cvx_optval =

    5.0597


ct =

     0


cvx_optval =

    5.0464


ct =

     0


cvx_optval =

    5.0332


ct =

     0


cvx_optval =

    5.0200


ct =

     0


cvx_optval =

    5.0091


ct =

     0


cvx_optval =

    5.0085


ct =

     0


cvx_optval =

    5.0078


ct =

     0


cvx_optval =

    5.0072


ct =

     0


cvx_optval =

    5.0070


ct =

     0


cit =

    14

xn's length now is 150
length of velocity reveived is  150
xp received is of length 150
[   2.05943063    4.19869543    6.23754731    8.1722047     9.99957948
   11.71728038   13.33168064   14.88781378   16.37930893   17.80038164
   19.14585352   20.41116922   21.5924108    22.68630943   23.69025435
   24.65715434   25.70413032   26.82712903   28.02147525   29.28188811
   30.46770471   31.58626616   32.64283978   33.64167826   34.58646665
   35.48124586   36.33179726   37.14648207   37.93313125   38.70400745
   39.49360184   40.32189519   41.20032546   42.13368638   43.12324233
   44.16778524   45.26337106   46.40109628   47.55982734   48.70399657
   49.8132461    50.8823169    51.9122287    52.9096234    53.88624802
   54.85329701   55.81694566   56.77958202   57.74188771   58.70400118
   59.59462642   60.57070243   61.62911761   62.76611695   63.97731426
   65.25770703   66.60621409   68.05923358   69.54424787   70.95711608
   72.29206411   73.54581764   74.71462972   75.79538061   76.785608
   77.68351499   78.48797462   79.19853623   79.83276972   80.47069131
   81.19326107   81.99991345   82.87975091   83.81850724   84.80842685
   85.84445509   86.92004145   88.02482815   89.14220542   90.2497708
   91.32274439   92.3647931    93.37683135   94.36169399   95.32441869
   96.27146176   97.20951121   98.14480106   99.0833523   100.03112595
  100.99342026  101.96584636  102.9440506   103.92489704  104.90663963
  105.88846423  106.87003129  107.85120991  108.83198716  109.81248088
  110.69268113  111.66618491  112.73148459  113.88640462  115.12810588
  116.45309265  117.85921249  119.3605242   120.88063245  122.31361887
  123.65641481  124.906131    126.06059269  127.1183047   128.078447
  128.94087201  129.70610058  130.37531982  130.96654294  131.5548891
  132.22350251  132.97461544  133.79871809  134.68258533  135.61872444
  136.6018883   137.62511673  138.67755649  139.74220132  140.79651248
  141.81599954  142.80425632  143.76243463  144.69353     145.6026104
  146.49606565  147.3804902   148.26204492  149.14669355  150.04034686
  150.94825595  151.86626221  152.79018206  153.71697225  154.64490605
  155.57314459  156.50130576  157.4292133   158.35681153  159.28418099]
yp lo gadibida
[  1.03057425e-01   3.17699851e-01   6.25842166e-01   1.01801662e+00
   1.48462199e+00   2.01596911e+00   2.57973586e+00   3.03728777e+00
   3.39592026e+00   3.66328950e+00   3.84737188e+00   3.95642242e+00
   3.99893239e+00   3.98358619e+00   3.91921763e+00   3.80848363e+00
   3.63519334e+00   3.39110164e+00   3.06822302e+00   2.65887300e+00
   2.25311673e+00   1.86712573e+00   1.50977045e+00   1.18668077e+00
   9.00812239e-01   6.52763420e-01   4.41209948e-01   2.63580037e-01
   1.17440979e-01  -9.68175480e-06  -9.33221757e-02  -1.64169203e-01
  -2.12272002e-01  -2.36748054e-01  -2.37236791e-01  -2.14706291e-01
  -1.72250156e-01  -1.15853418e-01  -5.47659841e-02   3.38105580e-06
   4.05476861e-02   6.73705817e-02   8.24350797e-02   8.77898536e-02
   8.52101366e-02   7.61380730e-02   6.18514221e-02   4.36048517e-02
   2.26381342e-02  -3.86078850e-07   2.35838446e-02   9.83744699e-02
   2.32955163e-01   4.35715603e-01   7.14808696e-01   1.07810854e+00
   1.51959406e+00   1.91908174e+00   2.24852081e+00   2.48858744e+00
   2.65371217e+00   2.74572511e+00   2.77297647e+00   2.74416314e+00
   2.66813979e+00   2.55386092e+00   2.41033363e+00   2.24657111e+00
   2.06662653e+00   1.85072341e+00   1.61831983e+00   1.38483174e+00
   1.15693758e+00   9.39091990e-01   7.32040909e-01   5.34259347e-01
   3.42885182e-01   1.54234630e-01  -3.53990759e-02  -2.28812171e-01
  -4.26664045e-01  -6.29024551e-01  -8.34497705e-01  -1.04193683e+00
  -1.25071484e+00  -1.46061074e+00  -1.67153174e+00  -1.88331385e+00
  -2.09572440e+00  -2.30849763e+00  -2.52141114e+00  -2.73359207e+00
  -2.94449725e+00  -3.15390016e+00  -3.36185335e+00  -3.56856762e+00
  -3.77430940e+00  -3.97934119e+00  -4.18390072e+00  -4.38818338e+00
  -4.52608572e+00  -4.62908279e+00  -4.68816965e+00  -4.69441581e+00
  -4.63900947e+00  -4.51330155e+00  -4.32301824e+00  -4.19294437e+00
  -4.13755091e+00  -4.15700581e+00  -4.23607211e+00  -4.37235765e+00
  -4.55697218e+00  -4.78079799e+00  -5.03468106e+00  -5.30948958e+00
  -5.59616117e+00  -5.88574981e+00  -6.17744724e+00  -6.50517718e+00
  -6.86444668e+00  -7.23999179e+00  -7.62327306e+00  -8.00732884e+00
  -8.39002266e+00  -8.77194005e+00  -9.15471107e+00  -9.54008520e+00
  -9.92870366e+00  -1.03192644e+01  -1.07079337e+01  -1.10954435e+01
  -1.14805862e+01  -1.18627470e+01  -1.22422202e+01  -1.26199563e+01
  -1.29970739e+01  -1.33745392e+01  -1.37532125e+01  -1.41339106e+01
  -1.45173733e+01  -1.49019481e+01  -1.52863133e+01  -1.56696790e+01
  -1.60517810e+01  -1.64326793e+01  -1.68125746e+01  -1.71917013e+01
